09332249683
09332249613
09101455991
09332705068
09192236473
09378876511
09981097751
09129329585
09124050912
09216796375
09390293302
09337474067
09123043284
09035002057
09304535439
09213793647
09195919916
09192334397
09387801305
09353284555
09389471529
09123609034
09360965829
09029428960
09126162839
09192261490
09116732092
09358813954
09195069468
09122400874
09056429655
09129627252
09364691754
09366731926
09124341533
09196334009
09373387683
09365161681
09030767102
09101457349
09356694727
09193248625
09904844068
09379801544
09126303202
09106846104
09123402998
09351010893
09373932681
09372168098
09125700854
09351285449
09122150062
09198410567
09108080309
09377506008
09027700918
09100270615
09121599880
09106956705
09903611382
09910026191
09382797598
09126905348
09382351015
09051613701
09380788768
09198091047
09913644733
09393170217
09127622941
09199539438
09378187620
09372071922
09020710177
09367412329
09376210117
09124309362
09365874447
09384248559
09198775463
09390717301
09354899276
09198002212
09195649768
09052199197
09157210936
09125346429
09126626893
09124240636
09122757623
09121448235
09039806315
09101235984
09302549664
09209201440
09019885917
09122781173
09128927174
09339092225
09192984831
09128070517
09195080896
09121312431
09163534946
09370606367
09122590538
09123626115
09123260640
02122342717
09383838013
02166583907
09359500941
09125750827
09386862439
09105952979
09127398679
09121331002
09121839261
09101712931
09192182445
09916338497
09121349095
09122720206
09126767360
09128405905
09339491991
09193287290
09151922458
09195000058
09379005068
09126353239
09032319958
09122803937
09127002007
09122307669
09211439620
09109061462
09121721138
09215692974
09195321238
09125286638
09127926025
09187616150
09195709350
09123793642
09195793531
09196129873
09126946484
09399686300
09121409152
09124090267
09385892319
09121206457
09352915255
09122385279
09381744381
09194089503
09120432825
09189161227
09359964118
09104642622
09031436189
09122158179
09121160690
09034233222
09125075880
09384171489
09371221339
09216076126
09309276605
09190440321
09122114845
09354153425
09355774102
09198077091
09211708161
09015634734
09213003625
09126339174
09121950180
09121305991
09128756200
09356380572
09057308576
09308096039
09120287805
09122901489
09123474081
09121997650
09913983659
09122274221
09386455797
09123789755
09121959501
09129369805
09121439907
09121380695
09196100393
09120710288
09363387607
09100228160
09212852960
09197108612
09121328018
09123129621
09121728419
09123250083
09923882937
09129337453
09027441412
09123947543
09309600707
09122867807
09122600267
09907642850
09125221782
09120700127
09128025492
09121079206
09190066588
09127638411
09124871449
09125481511
09031070636
09334449980
09216385145
09194834216
09195620306
09192120118
09127270447
09124217407
09100940062
09334540874
09123018130
09909028268
09213536473
09035823751
09207663982
09374710014
09191151477
09999827505
09126073650
09126133199
09302382586
09120699354
09121203862
09125254031
09100909037
09122085413
09221094237
09129223397
09121576881
09229715920
09225416519
09127100774
09124572730
09351977023
09191100822
09125543560
09123138385
09191210728
09101666820
09905410900
09107617976
09372068692
09354596601
09192063044
09125673285
09122030479
09122901489
09122533505
09125071873
09123398521
09301277428
09213001610
09357400028
09377399772
09121460193
09197122670
09197254653
09122705121
09212852960
09101655529
09123185905
09127602789
09191200145
09222008214
09129647310
09129410874
09128120974
09198368966
09225416519
09139675563
09392189350
09363928044
09212006186
09124177188
09389834128
09124160092
09122333500
09352142744
09121576881
09367355366
09192063044
09103800013
09122901489
09101451379
09197847702
09121770178
09126094087
09307882813
09125259144
09330450271
09123271246
09212332356
09123379850
09199145470
09107668573
09191108062
09129294043
09902303412
09384481616
09033004258
09114382693
09192157268
09122372143
09107700721
09123250083
09122381951
09123270782
09225416519
09361733758
09127900514
09121388798
09124219581
09122343028
09129212199
09126036903
09336390147
09381657373
09122108714
09127851245
09337974876
09109439166
09120136134
09052706616
09355327171
09123486939
09363302959
09124493931
09125597954
09193003081
09122492409
09122382989
09216469701
09334544380
09396406632
09121105051
09121406700
09126580480
09123020772
09191131772
09362719929
09014246132
09127219160
09376939932
09917305818
09129639847
09126894512
09359662870
09054847799
09919086022
09122983153
09123680959
09101872810
09331783402
09212019653
09103584743
09126869699
09355017154
09350805959
09353887373
09394542797
09197230766
09915236628
09101792893
09190849182
09031232826
09123807329
09194020757
09905330741
09388585048
09109120224
09355305523
09305303276
09122266813
09194912642
09122492979
09389334037
09125963930
09399002029
09195354757
09190612737
09128881018
09123263206
09192227287
09380154457
09120897970
09387447192
09122202655
09229524230
09037307848
09125989398
09339790903
09191208960
09360005463
09195284196
09918635340
09307417181
09100699979
09213563621
09122880289
09121065903
09194931556
09915401841
09391107558
09123977151
09120937126
09126542729
09390290171
09121110442
09125306206
09356000132
09385059889
09120724129
09362953041
09011663116
09122218837
09395353458
09300030018
09375542121
09123834034
09190351376
09122011397
09212026209
09395353466
09122583021
09198880206
09189358490
09121962275
09377318852
09388006890
09307762800
09031310160
09106967880
09391424920
09307644079
09021201188
09128000293
09220337801
09372069496
09126386276
09192200292
09335123119
09378004755
09329473492
09122083803
09918774938
09055763207
09024694296
09125595830
09126711097
09122978299
09122972091
09381752184
09199075684
09010880675
09300580063
09123723416
09120398277
09336707438
09126704516
09125332757
09035340593
09368102698
09351649179
09121342804
09120199298
09126724611
09129361084
09388089898
09124452125
09194708619
09228482428
09376946200
09201642784
09303134216
09364499406
09127609379
09055862743
09360147484
09128492265
09124872501
09029438021
09352757738
09361459355
09128117255
09053860762
09195039158
09124249353
09100625063
09163738355
09123826467
09128482240
09127636987
09905519844
09123378662
09119002636
09120751704
09192038514
09120314457
09127177029
09123492166
09127234650
09124971282
09351256550
09352256408
09399673445
09120984834
09125950492
09105233627
09120523323
09122796627
09125901776
09127877893
09124374257
09129368422
09123179083
09352265732
09126864667
09126400469
09125002432
09124175635
09391200239
09124372836
09120175187
09011329703
09106232923
09108790336
09919951754
09101666717
09108524652
09126862394
09120519020
09127021920
09391001505
09125480567
09121997932
09392363217
09337666360
09120877535
09128907752
09359273588
09127797105
09212925127
09020029331
09023927888
09122407069
09107464654
09122732663
09125709989
09125435358
09353452345
09052608458
09101632368
09128490709
09371176646
09108156328
09192001418
09120360370
09122009825
09129619478
09126772830
09120366895
09108521552
09375937175
09122302274
09120456835
09352530020
09351150613
09107593159
09361469398
09121982633
09121726117
09123158969
09120791346
09127379073
09034934195
09122365255
09123885378
09127998608
09125102800
09333156209
09022118898
09124142855
09123978612
09121712289
09119002636
09121112996
09907393956
09122050386
09122251291
09125723438
09301765896
09198038520
09124248429
09217762941
09190674665
09028738529
09193598007
09121892994
09121865889
09126355525
09120519020
09122791968
09122302274
09123344351
09333916763
09392306006
09019568785
09916194692
09197084797
09121900448
09215231721
09395176159
09121486681
09386799961
09122015266
09149967291
09120710235
09159654199
09121442669
09192897155
09380937818
09123809055
09122490485
09353708910
09124945613
09121004739
09128585359
09329090100
09122364640
09122938130
09102696274
09120061373
09126040409
09126591642
09126000699
09123086407
09194575065
09028751650
09191144716
09123995240
09197087383
09379233953
09122190098
09219079818
09359090862
09125178320
09126878203
09123118040
09120519020
09194200764
09391776879
09352761855
09106820911
09198154415
09919951890
09052942093
09128123894
09122582596
09392819347
09127748636
09196934969
09102422019
09121008736
09107595182
09351787814
09121152523
09220206816
09015813040
09194629094
09123369677
09197749020
09391070113
09394802538
09124290080
09125221931
09106562535
09352633645
09373732226
09106854801
09121080412
09198246004
09306401511
09183667260
09145983206
09036733972
09122900096
09123038751
09109971010
09056588338
09365143120
09192724163
09370445603
09123130897
09359645158
09123132234
09120175348
09122273357
09383244450
09126723601
09031112903
09912045850
09194064405
09129459640
09199581324
09124230152
09195702074
09194978914
09902481520
09355327171
09391859136
09355749913
09373038564
09120984435
09213253058
09121062272
09360690495
09901648963
09123452609
09121464011
09366883301
09129737304
09033734941
09120149551
09308466512
09191845920
09158840149
09399745920
09359468521
09123439121
09190805515
09194905308
09129638033
09120519020
09054131149
09122302330
09217936910
09125217698
09125198649
09123572995
09109089411
09337790060
09198615690
09129215605
09101666717
09195746735
09396033203
09123251609
09373765384
09191128470
09024570147
09194686877
09379521437
09105795876
09196144762
09217637637
09109943438
09919282189
09361141904
09013210479
09122780767
09125982093
09338839603
09393216717
09122702291
09024860695
09214785913
09024369380
09127133740
09385234340
09212146154
09122784828
09032998232
09372156976
09194805039
09018870261
09913588599
09901020816
09125467044
09218549903
09395364999
09370445603
09127155485
09911578094
09108625305
09217623092
09370150048
09037911300
09391001505
09358872555
09123385083
09334501088
09907250759
09120519020
09128499361
09121266027
09032226946
09054241278
09124784080
09026639404
09125588208
09221051889
09126769353
09390841203
09022439951
09121430613
09102261140
09029090148
09125436164
09197570397
09123982640
09355224812
09122217046
09364330300
09125230915
09900061306
09123540316
09385135509
09927804726
09102966496
09334845286
09189991891
09306138300
09906077717
09121767073
09126580985
09123586963
09362235952
09916194692
